{
 "cells": [
  {
   "cell_type": "markdown",
   "metadata": {},
   "source": [
    "## Perform Exploratory Data Analysis - Correlation\n",
    "- Examine the level of correlation between each feature\n",
    "- Examine their level of correlation to the outcome (response feature)"
   ]
  },
  {
   "cell_type": "code",
   "execution_count": 1,
   "metadata": {
    "collapsed": true
   },
   "outputs": [],
   "source": [
    "import os\n",
    "import pandas as pd\n",
    "import matplotlib.pyplot as plt\n",
    "%matplotlib inline"
   ]
  },
  {
   "cell_type": "code",
   "execution_count": 2,
   "metadata": {
    "collapsed": true
   },
   "outputs": [],
   "source": [
    "# Read the cleaned source file into a DataFrame.\n",
    "data_dir = os.path.join(os.getcwd(), 'Data')\n",
    "source_file = os.path.join(data_dir, 'WA-Telco-Customer-Churn-ML.xlsx')\n",
    "df = pd.read_excel(source_file, header=0)\n",
    "\n",
    "# Drop the Unique Identifier\n",
    "df = df.drop(labels=['customerID'], axis=1)"
   ]
  },
  {
   "cell_type": "code",
   "execution_count": 3,
   "metadata": {},
   "outputs": [
    {
     "data": {
      "text/plain": [
       "gender                 int8\n",
       "SeniorCitizen          int8\n",
       "Partner                int8\n",
       "Dependents             int8\n",
       "tenure                 int8\n",
       "PhoneService           int8\n",
       "MultipleLines          int8\n",
       "InternetService        int8\n",
       "OnlineSecurity         int8\n",
       "OnlineBackup           int8\n",
       "DeviceProtection       int8\n",
       "TechSupport            int8\n",
       "StreamingTV            int8\n",
       "StreamingMovies        int8\n",
       "Contract               int8\n",
       "PaperlessBilling       int8\n",
       "PaymentMethod          int8\n",
       "MonthlyCharges      float32\n",
       "TotalCharges        float32\n",
       "Churn                  int8\n",
       "dtype: object"
      ]
     },
     "execution_count": 3,
     "metadata": {},
     "output_type": "execute_result"
    }
   ],
   "source": [
    "# Make appropriate data type assignments.\n",
    "df.gender = pd.to_numeric(df.gender, downcast='integer', errors='coerce')\n",
    "df.SeniorCitizen = pd.to_numeric(df.SeniorCitizen, downcast='integer', errors='coerce')\n",
    "df.Partner = pd.to_numeric(df.Partner, downcast='integer', errors='coerce')\n",
    "df.Dependents = pd.to_numeric(df.Dependents, downcast='integer', errors='coerce')\n",
    "df.tenure = pd.to_numeric(df.tenure, downcast='integer', errors='coerce')\n",
    "df.PhoneService = pd.to_numeric(df.PhoneService, downcast='integer', errors='coerce')\n",
    "df.MultipleLines = pd.to_numeric(df.MultipleLines, downcast='integer', errors='coerce')\n",
    "df.InternetService = pd.to_numeric(df.InternetService, downcast='integer', errors='coerce')\n",
    "df.OnlineSecurity = pd.to_numeric(df.OnlineSecurity, downcast='integer', errors='coerce')\n",
    "df.OnlineBackup = pd.to_numeric(df.OnlineBackup, downcast='integer', errors='coerce')\n",
    "df.DeviceProtection = pd.to_numeric(df.DeviceProtection, downcast='integer', errors='coerce')\n",
    "df.TechSupport = pd.to_numeric(df.TechSupport, downcast='integer', errors='coerce')\n",
    "df.StreamingTV = pd.to_numeric(df.StreamingTV, downcast='integer', errors='coerce')\n",
    "df.StreamingMovies = pd.to_numeric(df.StreamingMovies, downcast='integer', errors='coerce')\n",
    "df.Contract = pd.to_numeric(df.Contract, downcast='integer', errors='coerce')\n",
    "df.PaperlessBilling = pd.to_numeric(df.PaperlessBilling, downcast='integer', errors='coerce')\n",
    "df.PaymentMethod = pd.to_numeric(df.PaymentMethod, downcast='integer', errors='coerce')\n",
    "df.MonthlyCharges = pd.to_numeric(df.MonthlyCharges, downcast='float', errors='coerce')\n",
    "df.TotalCharges = pd.to_numeric(df.TotalCharges, downcast='float', errors='coerce')\n",
    "df.Churn = pd.to_numeric(df.Churn, downcast='integer', errors='coerce')\n",
    "\n",
    "# Validate new data type assignments.\n",
    "df.dtypes"
   ]
  },
  {
   "cell_type": "markdown",
   "metadata": {},
   "source": [
    "### Examine Correlations Among the Entire Feature-Set"
   ]
  },
  {
   "cell_type": "code",
   "execution_count": 4,
   "metadata": {},
   "outputs": [
    {
     "data": {
      "text/html": [
       "<div>\n",
       "<style>\n",
       "    .dataframe thead tr:only-child th {\n",
       "        text-align: right;\n",
       "    }\n",
       "\n",
       "    .dataframe thead th {\n",
       "        text-align: left;\n",
       "    }\n",
       "\n",
       "    .dataframe tbody tr th {\n",
       "        vertical-align: top;\n",
       "    }\n",
       "</style>\n",
       "<table border=\"1\" class=\"dataframe\">\n",
       "  <thead>\n",
       "    <tr style=\"text-align: right;\">\n",
       "      <th></th>\n",
       "      <th>gender</th>\n",
       "      <th>SeniorCitizen</th>\n",
       "      <th>Partner</th>\n",
       "      <th>Dependents</th>\n",
       "      <th>tenure</th>\n",
       "      <th>PhoneService</th>\n",
       "      <th>MultipleLines</th>\n",
       "      <th>InternetService</th>\n",
       "      <th>OnlineSecurity</th>\n",
       "      <th>OnlineBackup</th>\n",
       "      <th>DeviceProtection</th>\n",
       "      <th>TechSupport</th>\n",
       "      <th>StreamingTV</th>\n",
       "      <th>StreamingMovies</th>\n",
       "      <th>Contract</th>\n",
       "      <th>PaperlessBilling</th>\n",
       "      <th>PaymentMethod</th>\n",
       "      <th>MonthlyCharges</th>\n",
       "      <th>TotalCharges</th>\n",
       "      <th>Churn</th>\n",
       "    </tr>\n",
       "  </thead>\n",
       "  <tbody>\n",
       "    <tr>\n",
       "      <th>gender</th>\n",
       "      <td>1.000000</td>\n",
       "      <td>-0.001874</td>\n",
       "      <td>-0.001808</td>\n",
       "      <td>0.010517</td>\n",
       "      <td>0.005106</td>\n",
       "      <td>-0.006488</td>\n",
       "      <td>-0.006739</td>\n",
       "      <td>-0.000863</td>\n",
       "      <td>-0.015017</td>\n",
       "      <td>-0.012057</td>\n",
       "      <td>0.000549</td>\n",
       "      <td>-0.006825</td>\n",
       "      <td>-0.006421</td>\n",
       "      <td>-0.008743</td>\n",
       "      <td>0.000126</td>\n",
       "      <td>-0.011754</td>\n",
       "      <td>0.017352</td>\n",
       "      <td>-0.014569</td>\n",
       "      <td>-0.000080</td>\n",
       "      <td>-0.008612</td>\n",
       "    </tr>\n",
       "    <tr>\n",
       "      <th>SeniorCitizen</th>\n",
       "      <td>-0.001874</td>\n",
       "      <td>1.000000</td>\n",
       "      <td>0.016479</td>\n",
       "      <td>-0.211185</td>\n",
       "      <td>0.016567</td>\n",
       "      <td>0.008576</td>\n",
       "      <td>0.146185</td>\n",
       "      <td>-0.032310</td>\n",
       "      <td>-0.128221</td>\n",
       "      <td>-0.013632</td>\n",
       "      <td>-0.021398</td>\n",
       "      <td>-0.151268</td>\n",
       "      <td>0.030776</td>\n",
       "      <td>0.047266</td>\n",
       "      <td>-0.142554</td>\n",
       "      <td>0.156530</td>\n",
       "      <td>-0.038551</td>\n",
       "      <td>0.220173</td>\n",
       "      <td>0.103006</td>\n",
       "      <td>0.150889</td>\n",
       "    </tr>\n",
       "    <tr>\n",
       "      <th>Partner</th>\n",
       "      <td>-0.001808</td>\n",
       "      <td>0.016479</td>\n",
       "      <td>1.000000</td>\n",
       "      <td>0.452676</td>\n",
       "      <td>0.379697</td>\n",
       "      <td>0.017706</td>\n",
       "      <td>0.142410</td>\n",
       "      <td>0.000891</td>\n",
       "      <td>0.150828</td>\n",
       "      <td>0.153130</td>\n",
       "      <td>0.166330</td>\n",
       "      <td>0.126733</td>\n",
       "      <td>0.137341</td>\n",
       "      <td>0.129574</td>\n",
       "      <td>0.294806</td>\n",
       "      <td>-0.014877</td>\n",
       "      <td>-0.154798</td>\n",
       "      <td>0.096848</td>\n",
       "      <td>0.317504</td>\n",
       "      <td>-0.150448</td>\n",
       "    </tr>\n",
       "    <tr>\n",
       "      <th>Dependents</th>\n",
       "      <td>0.010517</td>\n",
       "      <td>-0.211185</td>\n",
       "      <td>0.452676</td>\n",
       "      <td>1.000000</td>\n",
       "      <td>0.159712</td>\n",
       "      <td>-0.001762</td>\n",
       "      <td>-0.024991</td>\n",
       "      <td>0.044590</td>\n",
       "      <td>0.152166</td>\n",
       "      <td>0.091015</td>\n",
       "      <td>0.080537</td>\n",
       "      <td>0.133524</td>\n",
       "      <td>0.046885</td>\n",
       "      <td>0.021321</td>\n",
       "      <td>0.243187</td>\n",
       "      <td>-0.111377</td>\n",
       "      <td>-0.040292</td>\n",
       "      <td>-0.113890</td>\n",
       "      <td>0.062078</td>\n",
       "      <td>-0.164221</td>\n",
       "    </tr>\n",
       "    <tr>\n",
       "      <th>tenure</th>\n",
       "      <td>0.005106</td>\n",
       "      <td>0.016567</td>\n",
       "      <td>0.379697</td>\n",
       "      <td>0.159712</td>\n",
       "      <td>1.000000</td>\n",
       "      <td>0.008448</td>\n",
       "      <td>0.343032</td>\n",
       "      <td>-0.030359</td>\n",
       "      <td>0.325468</td>\n",
       "      <td>0.370876</td>\n",
       "      <td>0.371105</td>\n",
       "      <td>0.322942</td>\n",
       "      <td>0.289373</td>\n",
       "      <td>0.296866</td>\n",
       "      <td>0.671607</td>\n",
       "      <td>0.006152</td>\n",
       "      <td>-0.370436</td>\n",
       "      <td>0.247900</td>\n",
       "      <td>0.826178</td>\n",
       "      <td>-0.352229</td>\n",
       "    </tr>\n",
       "    <tr>\n",
       "      <th>PhoneService</th>\n",
       "      <td>-0.006488</td>\n",
       "      <td>0.008576</td>\n",
       "      <td>0.017706</td>\n",
       "      <td>-0.001762</td>\n",
       "      <td>0.008448</td>\n",
       "      <td>1.000000</td>\n",
       "      <td>-0.020538</td>\n",
       "      <td>0.387436</td>\n",
       "      <td>-0.015198</td>\n",
       "      <td>0.024105</td>\n",
       "      <td>0.003727</td>\n",
       "      <td>-0.019158</td>\n",
       "      <td>0.055353</td>\n",
       "      <td>0.043870</td>\n",
       "      <td>0.002247</td>\n",
       "      <td>0.016505</td>\n",
       "      <td>-0.004184</td>\n",
       "      <td>0.247398</td>\n",
       "      <td>0.113214</td>\n",
       "      <td>0.011942</td>\n",
       "    </tr>\n",
       "    <tr>\n",
       "      <th>MultipleLines</th>\n",
       "      <td>-0.006739</td>\n",
       "      <td>0.146185</td>\n",
       "      <td>0.142410</td>\n",
       "      <td>-0.024991</td>\n",
       "      <td>0.343032</td>\n",
       "      <td>-0.020538</td>\n",
       "      <td>1.000000</td>\n",
       "      <td>-0.109216</td>\n",
       "      <td>0.007141</td>\n",
       "      <td>0.117327</td>\n",
       "      <td>0.122318</td>\n",
       "      <td>0.011466</td>\n",
       "      <td>0.175059</td>\n",
       "      <td>0.180957</td>\n",
       "      <td>0.110842</td>\n",
       "      <td>0.165146</td>\n",
       "      <td>-0.176793</td>\n",
       "      <td>0.433576</td>\n",
       "      <td>0.452577</td>\n",
       "      <td>0.038037</td>\n",
       "    </tr>\n",
       "    <tr>\n",
       "      <th>InternetService</th>\n",
       "      <td>-0.000863</td>\n",
       "      <td>-0.032310</td>\n",
       "      <td>0.000891</td>\n",
       "      <td>0.044590</td>\n",
       "      <td>-0.030359</td>\n",
       "      <td>0.387436</td>\n",
       "      <td>-0.109216</td>\n",
       "      <td>1.000000</td>\n",
       "      <td>-0.028416</td>\n",
       "      <td>0.036138</td>\n",
       "      <td>0.044944</td>\n",
       "      <td>-0.026047</td>\n",
       "      <td>0.107417</td>\n",
       "      <td>0.098350</td>\n",
       "      <td>0.099721</td>\n",
       "      <td>-0.138625</td>\n",
       "      <td>0.086140</td>\n",
       "      <td>-0.323260</td>\n",
       "      <td>-0.175755</td>\n",
       "      <td>-0.047291</td>\n",
       "    </tr>\n",
       "    <tr>\n",
       "      <th>OnlineSecurity</th>\n",
       "      <td>-0.015017</td>\n",
       "      <td>-0.128221</td>\n",
       "      <td>0.150828</td>\n",
       "      <td>0.152166</td>\n",
       "      <td>0.325468</td>\n",
       "      <td>-0.015198</td>\n",
       "      <td>0.007141</td>\n",
       "      <td>-0.028416</td>\n",
       "      <td>1.000000</td>\n",
       "      <td>0.185126</td>\n",
       "      <td>0.175985</td>\n",
       "      <td>0.285028</td>\n",
       "      <td>0.044669</td>\n",
       "      <td>0.055954</td>\n",
       "      <td>0.374416</td>\n",
       "      <td>-0.157641</td>\n",
       "      <td>-0.096726</td>\n",
       "      <td>-0.053878</td>\n",
       "      <td>0.253224</td>\n",
       "      <td>-0.289309</td>\n",
       "    </tr>\n",
       "    <tr>\n",
       "      <th>OnlineBackup</th>\n",
       "      <td>-0.012057</td>\n",
       "      <td>-0.013632</td>\n",
       "      <td>0.153130</td>\n",
       "      <td>0.091015</td>\n",
       "      <td>0.370876</td>\n",
       "      <td>0.024105</td>\n",
       "      <td>0.117327</td>\n",
       "      <td>0.036138</td>\n",
       "      <td>0.185126</td>\n",
       "      <td>1.000000</td>\n",
       "      <td>0.187757</td>\n",
       "      <td>0.195748</td>\n",
       "      <td>0.147186</td>\n",
       "      <td>0.136722</td>\n",
       "      <td>0.280980</td>\n",
       "      <td>-0.013370</td>\n",
       "      <td>-0.124847</td>\n",
       "      <td>0.119777</td>\n",
       "      <td>0.374410</td>\n",
       "      <td>-0.195525</td>\n",
       "    </tr>\n",
       "    <tr>\n",
       "      <th>DeviceProtection</th>\n",
       "      <td>0.000549</td>\n",
       "      <td>-0.021398</td>\n",
       "      <td>0.166330</td>\n",
       "      <td>0.080537</td>\n",
       "      <td>0.371105</td>\n",
       "      <td>0.003727</td>\n",
       "      <td>0.122318</td>\n",
       "      <td>0.044944</td>\n",
       "      <td>0.175985</td>\n",
       "      <td>0.187757</td>\n",
       "      <td>1.000000</td>\n",
       "      <td>0.240593</td>\n",
       "      <td>0.276652</td>\n",
       "      <td>0.288799</td>\n",
       "      <td>0.350277</td>\n",
       "      <td>-0.038234</td>\n",
       "      <td>-0.135750</td>\n",
       "      <td>0.163652</td>\n",
       "      <td>0.387897</td>\n",
       "      <td>-0.178134</td>\n",
       "    </tr>\n",
       "    <tr>\n",
       "      <th>TechSupport</th>\n",
       "      <td>-0.006825</td>\n",
       "      <td>-0.151268</td>\n",
       "      <td>0.126733</td>\n",
       "      <td>0.133524</td>\n",
       "      <td>0.322942</td>\n",
       "      <td>-0.019158</td>\n",
       "      <td>0.011466</td>\n",
       "      <td>-0.026047</td>\n",
       "      <td>0.285028</td>\n",
       "      <td>0.195748</td>\n",
       "      <td>0.240593</td>\n",
       "      <td>1.000000</td>\n",
       "      <td>0.161305</td>\n",
       "      <td>0.161316</td>\n",
       "      <td>0.425367</td>\n",
       "      <td>-0.113600</td>\n",
       "      <td>-0.104670</td>\n",
       "      <td>-0.008682</td>\n",
       "      <td>0.275625</td>\n",
       "      <td>-0.282492</td>\n",
       "    </tr>\n",
       "    <tr>\n",
       "      <th>StreamingTV</th>\n",
       "      <td>-0.006421</td>\n",
       "      <td>0.030776</td>\n",
       "      <td>0.137341</td>\n",
       "      <td>0.046885</td>\n",
       "      <td>0.289373</td>\n",
       "      <td>0.055353</td>\n",
       "      <td>0.175059</td>\n",
       "      <td>0.107417</td>\n",
       "      <td>0.044669</td>\n",
       "      <td>0.147186</td>\n",
       "      <td>0.276652</td>\n",
       "      <td>0.161305</td>\n",
       "      <td>1.000000</td>\n",
       "      <td>0.434772</td>\n",
       "      <td>0.227116</td>\n",
       "      <td>0.096642</td>\n",
       "      <td>-0.104234</td>\n",
       "      <td>0.336706</td>\n",
       "      <td>0.391470</td>\n",
       "      <td>-0.036581</td>\n",
       "    </tr>\n",
       "    <tr>\n",
       "      <th>StreamingMovies</th>\n",
       "      <td>-0.008743</td>\n",
       "      <td>0.047266</td>\n",
       "      <td>0.129574</td>\n",
       "      <td>0.021321</td>\n",
       "      <td>0.296866</td>\n",
       "      <td>0.043870</td>\n",
       "      <td>0.180957</td>\n",
       "      <td>0.098350</td>\n",
       "      <td>0.055954</td>\n",
       "      <td>0.136722</td>\n",
       "      <td>0.288799</td>\n",
       "      <td>0.161316</td>\n",
       "      <td>0.434772</td>\n",
       "      <td>1.000000</td>\n",
       "      <td>0.231226</td>\n",
       "      <td>0.083700</td>\n",
       "      <td>-0.111241</td>\n",
       "      <td>0.335459</td>\n",
       "      <td>0.398066</td>\n",
       "      <td>-0.038492</td>\n",
       "    </tr>\n",
       "    <tr>\n",
       "      <th>Contract</th>\n",
       "      <td>0.000126</td>\n",
       "      <td>-0.142554</td>\n",
       "      <td>0.294806</td>\n",
       "      <td>0.243187</td>\n",
       "      <td>0.671607</td>\n",
       "      <td>0.002247</td>\n",
       "      <td>0.110842</td>\n",
       "      <td>0.099721</td>\n",
       "      <td>0.374416</td>\n",
       "      <td>0.280980</td>\n",
       "      <td>0.350277</td>\n",
       "      <td>0.425367</td>\n",
       "      <td>0.227116</td>\n",
       "      <td>0.231226</td>\n",
       "      <td>1.000000</td>\n",
       "      <td>-0.176733</td>\n",
       "      <td>-0.227543</td>\n",
       "      <td>-0.074195</td>\n",
       "      <td>0.446855</td>\n",
       "      <td>-0.396713</td>\n",
       "    </tr>\n",
       "    <tr>\n",
       "      <th>PaperlessBilling</th>\n",
       "      <td>-0.011754</td>\n",
       "      <td>0.156530</td>\n",
       "      <td>-0.014877</td>\n",
       "      <td>-0.111377</td>\n",
       "      <td>0.006152</td>\n",
       "      <td>0.016505</td>\n",
       "      <td>0.165146</td>\n",
       "      <td>-0.138625</td>\n",
       "      <td>-0.157641</td>\n",
       "      <td>-0.013370</td>\n",
       "      <td>-0.038234</td>\n",
       "      <td>-0.113600</td>\n",
       "      <td>0.096642</td>\n",
       "      <td>0.083700</td>\n",
       "      <td>-0.176733</td>\n",
       "      <td>1.000000</td>\n",
       "      <td>-0.062904</td>\n",
       "      <td>0.352150</td>\n",
       "      <td>0.158574</td>\n",
       "      <td>0.191825</td>\n",
       "    </tr>\n",
       "    <tr>\n",
       "      <th>PaymentMethod</th>\n",
       "      <td>0.017352</td>\n",
       "      <td>-0.038551</td>\n",
       "      <td>-0.154798</td>\n",
       "      <td>-0.040292</td>\n",
       "      <td>-0.370436</td>\n",
       "      <td>-0.004184</td>\n",
       "      <td>-0.176793</td>\n",
       "      <td>0.086140</td>\n",
       "      <td>-0.096726</td>\n",
       "      <td>-0.124847</td>\n",
       "      <td>-0.135750</td>\n",
       "      <td>-0.104670</td>\n",
       "      <td>-0.104234</td>\n",
       "      <td>-0.111241</td>\n",
       "      <td>-0.227543</td>\n",
       "      <td>-0.062904</td>\n",
       "      <td>1.000000</td>\n",
       "      <td>-0.193407</td>\n",
       "      <td>-0.330918</td>\n",
       "      <td>0.107062</td>\n",
       "    </tr>\n",
       "    <tr>\n",
       "      <th>MonthlyCharges</th>\n",
       "      <td>-0.014569</td>\n",
       "      <td>0.220173</td>\n",
       "      <td>0.096848</td>\n",
       "      <td>-0.113890</td>\n",
       "      <td>0.247900</td>\n",
       "      <td>0.247398</td>\n",
       "      <td>0.433576</td>\n",
       "      <td>-0.323260</td>\n",
       "      <td>-0.053878</td>\n",
       "      <td>0.119777</td>\n",
       "      <td>0.163652</td>\n",
       "      <td>-0.008682</td>\n",
       "      <td>0.336706</td>\n",
       "      <td>0.335459</td>\n",
       "      <td>-0.074195</td>\n",
       "      <td>0.352150</td>\n",
       "      <td>-0.193407</td>\n",
       "      <td>1.000000</td>\n",
       "      <td>0.651174</td>\n",
       "      <td>0.193356</td>\n",
       "    </tr>\n",
       "    <tr>\n",
       "      <th>TotalCharges</th>\n",
       "      <td>-0.000080</td>\n",
       "      <td>0.103006</td>\n",
       "      <td>0.317504</td>\n",
       "      <td>0.062078</td>\n",
       "      <td>0.826178</td>\n",
       "      <td>0.113214</td>\n",
       "      <td>0.452577</td>\n",
       "      <td>-0.175755</td>\n",
       "      <td>0.253224</td>\n",
       "      <td>0.374410</td>\n",
       "      <td>0.387897</td>\n",
       "      <td>0.275625</td>\n",
       "      <td>0.391470</td>\n",
       "      <td>0.398066</td>\n",
       "      <td>0.446855</td>\n",
       "      <td>0.158574</td>\n",
       "      <td>-0.330918</td>\n",
       "      <td>0.651174</td>\n",
       "      <td>1.000000</td>\n",
       "      <td>-0.198324</td>\n",
       "    </tr>\n",
       "    <tr>\n",
       "      <th>Churn</th>\n",
       "      <td>-0.008612</td>\n",
       "      <td>0.150889</td>\n",
       "      <td>-0.150448</td>\n",
       "      <td>-0.164221</td>\n",
       "      <td>-0.352229</td>\n",
       "      <td>0.011942</td>\n",
       "      <td>0.038037</td>\n",
       "      <td>-0.047291</td>\n",
       "      <td>-0.289309</td>\n",
       "      <td>-0.195525</td>\n",
       "      <td>-0.178134</td>\n",
       "      <td>-0.282492</td>\n",
       "      <td>-0.036581</td>\n",
       "      <td>-0.038492</td>\n",
       "      <td>-0.396713</td>\n",
       "      <td>0.191825</td>\n",
       "      <td>0.107062</td>\n",
       "      <td>0.193356</td>\n",
       "      <td>-0.198324</td>\n",
       "      <td>1.000000</td>\n",
       "    </tr>\n",
       "  </tbody>\n",
       "</table>\n",
       "</div>"
      ],
      "text/plain": [
       "                    gender  SeniorCitizen   Partner  Dependents    tenure  \\\n",
       "gender            1.000000      -0.001874 -0.001808    0.010517  0.005106   \n",
       "SeniorCitizen    -0.001874       1.000000  0.016479   -0.211185  0.016567   \n",
       "Partner          -0.001808       0.016479  1.000000    0.452676  0.379697   \n",
       "Dependents        0.010517      -0.211185  0.452676    1.000000  0.159712   \n",
       "tenure            0.005106       0.016567  0.379697    0.159712  1.000000   \n",
       "PhoneService     -0.006488       0.008576  0.017706   -0.001762  0.008448   \n",
       "MultipleLines    -0.006739       0.146185  0.142410   -0.024991  0.343032   \n",
       "InternetService  -0.000863      -0.032310  0.000891    0.044590 -0.030359   \n",
       "OnlineSecurity   -0.015017      -0.128221  0.150828    0.152166  0.325468   \n",
       "OnlineBackup     -0.012057      -0.013632  0.153130    0.091015  0.370876   \n",
       "DeviceProtection  0.000549      -0.021398  0.166330    0.080537  0.371105   \n",
       "TechSupport      -0.006825      -0.151268  0.126733    0.133524  0.322942   \n",
       "StreamingTV      -0.006421       0.030776  0.137341    0.046885  0.289373   \n",
       "StreamingMovies  -0.008743       0.047266  0.129574    0.021321  0.296866   \n",
       "Contract          0.000126      -0.142554  0.294806    0.243187  0.671607   \n",
       "PaperlessBilling -0.011754       0.156530 -0.014877   -0.111377  0.006152   \n",
       "PaymentMethod     0.017352      -0.038551 -0.154798   -0.040292 -0.370436   \n",
       "MonthlyCharges   -0.014569       0.220173  0.096848   -0.113890  0.247900   \n",
       "TotalCharges     -0.000080       0.103006  0.317504    0.062078  0.826178   \n",
       "Churn            -0.008612       0.150889 -0.150448   -0.164221 -0.352229   \n",
       "\n",
       "                  PhoneService  MultipleLines  InternetService  \\\n",
       "gender               -0.006488      -0.006739        -0.000863   \n",
       "SeniorCitizen         0.008576       0.146185        -0.032310   \n",
       "Partner               0.017706       0.142410         0.000891   \n",
       "Dependents           -0.001762      -0.024991         0.044590   \n",
       "tenure                0.008448       0.343032        -0.030359   \n",
       "PhoneService          1.000000      -0.020538         0.387436   \n",
       "MultipleLines        -0.020538       1.000000        -0.109216   \n",
       "InternetService       0.387436      -0.109216         1.000000   \n",
       "OnlineSecurity       -0.015198       0.007141        -0.028416   \n",
       "OnlineBackup          0.024105       0.117327         0.036138   \n",
       "DeviceProtection      0.003727       0.122318         0.044944   \n",
       "TechSupport          -0.019158       0.011466        -0.026047   \n",
       "StreamingTV           0.055353       0.175059         0.107417   \n",
       "StreamingMovies       0.043870       0.180957         0.098350   \n",
       "Contract              0.002247       0.110842         0.099721   \n",
       "PaperlessBilling      0.016505       0.165146        -0.138625   \n",
       "PaymentMethod        -0.004184      -0.176793         0.086140   \n",
       "MonthlyCharges        0.247398       0.433576        -0.323260   \n",
       "TotalCharges          0.113214       0.452577        -0.175755   \n",
       "Churn                 0.011942       0.038037        -0.047291   \n",
       "\n",
       "                  OnlineSecurity  OnlineBackup  DeviceProtection  TechSupport  \\\n",
       "gender                 -0.015017     -0.012057          0.000549    -0.006825   \n",
       "SeniorCitizen          -0.128221     -0.013632         -0.021398    -0.151268   \n",
       "Partner                 0.150828      0.153130          0.166330     0.126733   \n",
       "Dependents              0.152166      0.091015          0.080537     0.133524   \n",
       "tenure                  0.325468      0.370876          0.371105     0.322942   \n",
       "PhoneService           -0.015198      0.024105          0.003727    -0.019158   \n",
       "MultipleLines           0.007141      0.117327          0.122318     0.011466   \n",
       "InternetService        -0.028416      0.036138          0.044944    -0.026047   \n",
       "OnlineSecurity          1.000000      0.185126          0.175985     0.285028   \n",
       "OnlineBackup            0.185126      1.000000          0.187757     0.195748   \n",
       "DeviceProtection        0.175985      0.187757          1.000000     0.240593   \n",
       "TechSupport             0.285028      0.195748          0.240593     1.000000   \n",
       "StreamingTV             0.044669      0.147186          0.276652     0.161305   \n",
       "StreamingMovies         0.055954      0.136722          0.288799     0.161316   \n",
       "Contract                0.374416      0.280980          0.350277     0.425367   \n",
       "PaperlessBilling       -0.157641     -0.013370         -0.038234    -0.113600   \n",
       "PaymentMethod          -0.096726     -0.124847         -0.135750    -0.104670   \n",
       "MonthlyCharges         -0.053878      0.119777          0.163652    -0.008682   \n",
       "TotalCharges            0.253224      0.374410          0.387897     0.275625   \n",
       "Churn                  -0.289309     -0.195525         -0.178134    -0.282492   \n",
       "\n",
       "                  StreamingTV  StreamingMovies  Contract  PaperlessBilling  \\\n",
       "gender              -0.006421        -0.008743  0.000126         -0.011754   \n",
       "SeniorCitizen        0.030776         0.047266 -0.142554          0.156530   \n",
       "Partner              0.137341         0.129574  0.294806         -0.014877   \n",
       "Dependents           0.046885         0.021321  0.243187         -0.111377   \n",
       "tenure               0.289373         0.296866  0.671607          0.006152   \n",
       "PhoneService         0.055353         0.043870  0.002247          0.016505   \n",
       "MultipleLines        0.175059         0.180957  0.110842          0.165146   \n",
       "InternetService      0.107417         0.098350  0.099721         -0.138625   \n",
       "OnlineSecurity       0.044669         0.055954  0.374416         -0.157641   \n",
       "OnlineBackup         0.147186         0.136722  0.280980         -0.013370   \n",
       "DeviceProtection     0.276652         0.288799  0.350277         -0.038234   \n",
       "TechSupport          0.161305         0.161316  0.425367         -0.113600   \n",
       "StreamingTV          1.000000         0.434772  0.227116          0.096642   \n",
       "StreamingMovies      0.434772         1.000000  0.231226          0.083700   \n",
       "Contract             0.227116         0.231226  1.000000         -0.176733   \n",
       "PaperlessBilling     0.096642         0.083700 -0.176733          1.000000   \n",
       "PaymentMethod       -0.104234        -0.111241 -0.227543         -0.062904   \n",
       "MonthlyCharges       0.336706         0.335459 -0.074195          0.352150   \n",
       "TotalCharges         0.391470         0.398066  0.446855          0.158574   \n",
       "Churn               -0.036581        -0.038492 -0.396713          0.191825   \n",
       "\n",
       "                  PaymentMethod  MonthlyCharges  TotalCharges     Churn  \n",
       "gender                 0.017352       -0.014569     -0.000080 -0.008612  \n",
       "SeniorCitizen         -0.038551        0.220173      0.103006  0.150889  \n",
       "Partner               -0.154798        0.096848      0.317504 -0.150448  \n",
       "Dependents            -0.040292       -0.113890      0.062078 -0.164221  \n",
       "tenure                -0.370436        0.247900      0.826178 -0.352229  \n",
       "PhoneService          -0.004184        0.247398      0.113214  0.011942  \n",
       "MultipleLines         -0.176793        0.433576      0.452577  0.038037  \n",
       "InternetService        0.086140       -0.323260     -0.175755 -0.047291  \n",
       "OnlineSecurity        -0.096726       -0.053878      0.253224 -0.289309  \n",
       "OnlineBackup          -0.124847        0.119777      0.374410 -0.195525  \n",
       "DeviceProtection      -0.135750        0.163652      0.387897 -0.178134  \n",
       "TechSupport           -0.104670       -0.008682      0.275625 -0.282492  \n",
       "StreamingTV           -0.104234        0.336706      0.391470 -0.036581  \n",
       "StreamingMovies       -0.111241        0.335459      0.398066 -0.038492  \n",
       "Contract              -0.227543       -0.074195      0.446855 -0.396713  \n",
       "PaperlessBilling      -0.062904        0.352150      0.158574  0.191825  \n",
       "PaymentMethod          1.000000       -0.193407     -0.330918  0.107062  \n",
       "MonthlyCharges        -0.193407        1.000000      0.651174  0.193356  \n",
       "TotalCharges          -0.330918        0.651174      1.000000 -0.198324  \n",
       "Churn                  0.107062        0.193356     -0.198324  1.000000  "
      ]
     },
     "execution_count": 4,
     "metadata": {},
     "output_type": "execute_result"
    }
   ],
   "source": [
    "# Create a Pearson Correlation Matrix of the Entire Feature-Set\n",
    "df.corr('pearson')  # default | kendall | spearman rank"
   ]
  },
  {
   "cell_type": "code",
   "execution_count": 5,
   "metadata": {},
   "outputs": [
    {
     "data": {
      "text/plain": [
       "<matplotlib.colorbar.Colorbar at 0x2ac37e43b00>"
      ]
     },
     "execution_count": 5,
     "metadata": {},
     "output_type": "execute_result"
    },
    {
     "data": {
